1 1
2 1
3 1
4 1
5 1
6 0.777777777777778
7 1
8 1
9 0.666666666666667
10 0.888888888888889
11 1
12 1
13 0.666666666666667
14 0.777777777777778
15 0.777777777777778
16 1
17 0.777777777777778
18 0.555555555555556
19 1
20 0.777777777777778
21 0.888888888888889
22 0.888888888888889
23 1
24 0.888888888888889
25 0.888888888888889
26 0.888888888888889
27 1
28 0.777777777777778
29 0.777777777777778
30 0.888888888888889
31 1
32 1
33 0.777777777777778
34 1
35 0.666666666666667
36 1
37 0.888888888888889
38 0.777777777777778
39 1
40 1
41 1
42 0.777777777777778
43 1
44 0.777777777777778
45 0.888888888888889
46 0.666666666666667
47 0.777777777777778
48 1
49 0.777777777777778
50 0.888888888888889
51 1
52 0.888888888888889
53 0.666666666666667
54 0.888888888888889
55 0.666666666666667
56 0.888888888888889
57 1
58 1
59 0.888888888888889
60 0.888888888888889
61 0.888888888888889
62 0.777777777777778
63 1
64 1
65 0.888888888888889
66 0.888888888888889
67 1
68 0.888888888888889
69 1
70 0.777777777777778
71 0.888888888888889
72 1
73 0.888888888888889
74 0.777777777777778
75 0.888888888888889
76 1
77 0.888888888888889
78 0.888888888888889
79 1
80 1
81 0.888888888888889
82 1
83 1
84 0.888888888888889
85 0.888888888888889
86 0.888888888888889
87 1
88 0.888888888888889
89 0.888888888888889
90 0.888888888888889
91 1
92 0.777777777777778
93 0.888888888888889
94 0.888888888888889
95 1
96 1
97 0.888888888888889
98 0.888888888888889
99 1
100 0.888888888888889
101 0.777777777777778
102 1
103 0.888888888888889
104 0.777777777777778
105 0.888888888888889
106 0.888888888888889
107 0.666666666666667
108 0.666666666666667
109 1
110 0.666666666666667
111 1
112 0.888888888888889
113 0.888888888888889
114 1
115 0.888888888888889
116 1
117 0.888888888888889
118 0.888888888888889
119 1
120 0.777777777777778
121 0.666666666666667
122 1
123 0.888888888888889
124 0.777777777777778
125 0.888888888888889
126 1
127 0.888888888888889
128 1
129 0.888888888888889
130 0.888888888888889
131 0.888888888888889
132 0.888888888888889
133 0.666666666666667
134 0.888888888888889
135 0.777777777777778
136 0.666666666666667
137 1
138 1
139 0.888888888888889
140 1
141 1
142 0.888888888888889
143 0.777777777777778
144 1
145 0.888888888888889
146 0.888888888888889
147 1
148 0.777777777777778
149 1
150 1
151 0.777777777777778
152 0.666666666666667
153 0.888888888888889
154 1
155 1
156 0.888888888888889
157 1
158 1
159 0.888888888888889
160 0.888888888888889
161 0.888888888888889
162 1
163 1
164 1
165 1
166 1
167 0.777777777777778
168 1
169 0.888888888888889
170 0.888888888888889
171 0.666666666666667
172 0.888888888888889
173 0.777777777777778
174 0.888888888888889
175 0.888888888888889
176 0.777777777777778
177 0.888888888888889
178 1
179 0.888888888888889
180 0.777777777777778
181 1
182 0.777777777777778
183 1
184 0.777777777777778
185 0.888888888888889
186 0.888888888888889
187 0.888888888888889
188 0.888888888888889
189 1
190 1
191 0.777777777777778
192 0.888888888888889
193 1
194 0.888888888888889
195 0.888888888888889
196 1
197 0.777777777777778
198 0.777777777777778
199 0.888888888888889
200 0.888888888888889
